TIMESTAMP, USER, NICE, SYS, IOWAIT, IRQ, SOFT, STEAL, GUEST, GNICE, IDLE
1537985983, 26.85, 0.00, 1.79, 0.00, 0.00, 0.00, 0.00, 0.00, 0.00, 71.36
1537985984, 25.52, 0.00, 2.58, 3.35, 0.00, 0.00, 0.00, 0.00, 0.00, 68.56
1537985985, 27.23, 0.00, 3.82, 0.00, 0.00, 0.00, 0.00, 0.00, 0.00, 68.96
1537985986, 25.00, 0.00, 2.02, 1.01, 0.00, 0.00, 0.00, 0.00, 0.00, 71.97
1537985987, 24.11, 0.00, 4.31, 0.00, 0.00, 0.00, 0.00, 0.00, 0.00, 71.57
1537985988, 25.76, 0.00, 3.28, 1.01, 0.00, 0.00, 0.00, 0.00, 0.00, 69.95
1537985989, 25.94, 0.00, 6.73, 0.00, 0.00, 0.00, 0.00, 0.00, 0.00, 67.33
1537985990, 25.94, 0.00, 8.31, 0.00, 0.00, 0.00, 0.00, 0.00, 0.00, 65.74
1537985991, 25.63, 0.00, 11.93, 0.76, 0.00, 0.25, 0.00, 0.00, 0.00, 61.42
1537985992, 26.07, 0.00, 3.76, 5.76, 0.00, 0.00, 0.00, 0.00, 0.00, 64.41
1537985993, 25.37, 0.00, 3.73, 0.50, 0.00, 0.00, 0.00, 0.00, 0.00, 70.40
1537985994, 31.46, 0.00, 3.58, 3.32, 0.00, 0.00, 0.00, 0.00, 0.00, 61.64
1537985995, 34.68, 0.00, 2.78, 1.52, 0.00, 0.00, 0.00, 0.00, 0.00, 61.01
1537985996, 29.67, 0.00, 1.79, 0.00, 0.00, 0.00, 0.00, 0.00, 0.00, 68.54
1537985997, 26.77, 0.00, 1.52, 1.01, 0.00, 0.00, 0.00, 0.00, 0.00, 70.71
1537985998, 27.20, 0.00, 1.01, 5.79, 0.00, 0.00, 0.00, 0.00, 0.00, 65.99
1537985999, 28.82, 0.00, 1.25, 0.00, 0.00, 0.00, 0.00, 0.00, 0.00, 69.92
1537986000, 27.02, 0.00, 2.53, 0.00, 0.00, 0.00, 0.00, 0.00, 0.00, 70.45
1537986001, 26.13, 0.00, 3.27, 3.77, 0.00, 0.00, 0.00, 0.00, 0.00, 66.83
1537986002, 26.20, 0.00, 4.03, 1.26, 0.00, 0.00, 0.00, 0.00, 0.00, 68.51
1537986003, 25.94, 0.00, 3.78, 1.76, 0.00, 0.00, 0.00, 0.00, 0.00, 68.51
1537986004, 30.27, 0.00, 7.94, 0.00, 0.00, 0.25, 0.00, 0.00, 0.00, 61.54
1537986005, 30.33, 0.00, 4.01, 0.25, 0.00, 0.00, 0.00, 0.00, 0.00, 65.41
1537986006, 30.67, 0.00, 2.74, 0.00, 0.00, 0.00, 0.00, 0.00, 0.00, 66.58
1537986007, 31.41, 0.00, 1.51, 0.25, 0.00, 0.00, 0.00, 0.00, 0.00, 66.83
1537986008, 30.30, 0.00, 2.27, 0.76, 0.00, 0.00, 0.00, 0.00, 0.00, 66.67
1537986009, 33.75, 0.00, 1.76, 4.28, 0.00, 0.25, 0.00, 0.00, 0.00, 59.95
1537986010, 28.32, 0.00, 1.00, 6.02, 0.00, 0.00, 0.00, 0.00, 0.00, 64.66
1537986011, 27.07, 0.00, 1.50, 0.75, 0.00, 0.00, 0.00, 0.00, 0.00, 70.68
1537986012, 30.48, 0.00, 2.02, 3.02, 0.00, 0.00, 0.00, 0.00, 0.00, 64.48
1537986013, 27.53, 0.51, 1.52, 0.25, 0.00, 0.00, 0.00, 0.00, 0.00, 70.20
1537986014, 27.27, 0.00, 0.76, 4.55, 0.00, 0.00, 0.00, 0.00, 0.00, 67.42
1537986015, 29.77, 0.00, 1.78, 0.00, 0.00, 0.00, 0.00, 0.00, 0.00, 68.45
1537986016, 27.78, 0.00, 1.52, 0.00, 0.00, 0.00, 0.00, 0.00, 0.00, 70.71
1537986017, 28.07, 0.00, 1.00, 4.01, 0.00, 0.00, 0.00, 0.00, 0.00, 66.92
1537986018, 31.06, 0.00, 2.02, 0.51, 0.00, 0.00, 0.00, 0.00, 0.00, 66.41
1537986019, 27.34, 0.00, 1.01, 0.00, 0.00, 0.00, 0.00, 0.00, 0.00, 71.65
1537986020, 28.43, 0.00, 1.52, 1.52, 0.00, 0.00, 0.00, 0.00, 0.00, 68.53
1537986021, 27.20, 0.00, 1.51, 0.00, 0.00, 0.00, 0.00, 0.00, 0.00, 71.28
1537986022, 34.35, 0.00, 3.56, 0.25, 0.00, 0.25, 0.00, 0.00, 0.00, 61.58
1537986023, 29.87, 0.00, 1.77, 0.00, 0.00, 0.00, 0.00, 0.00, 0.00, 68.35
1537986024, 30.48, 0.25, 1.76, 0.00, 0.00, 0.00, 0.00, 0.00, 0.00, 67.51
1537986025, 29.01, 0.00, 1.27, 0.00, 0.00, 0.00, 0.00, 0.00, 0.00, 69.72
1537986026, 27.09, 0.00, 1.77, 1.01, 0.00, 0.00, 0.00, 0.00, 0.00, 70.13
1537986027, 29.70, 0.00, 2.54, 0.51, 0.00, 0.00, 0.00, 0.00, 0.00, 67.26
1537986028, 28.57, 0.00, 1.02, 1.02, 0.00, 0.00, 0.00, 0.00, 0.00, 69.39
1537986029, 34.10, 0.00, 1.78, 0.00, 0.00, 0.00, 0.00, 0.00, 0.00, 64.12
1537986030, 27.41, 0.00, 1.02, 0.00, 0.00, 0.00, 0.00, 0.00, 0.00, 71.57
1537986031, 30.85, 0.00, 1.80, 0.26, 0.00, 0.00, 0.00, 0.00, 0.00, 67.10
1537986032, 30.71, 0.00, 1.78, 0.00, 0.00, 0.00, 0.00, 0.00, 0.00, 67.51
1537986033, 39.18, 0.00, 2.32, 0.00, 0.00, 0.00, 0.00, 0.00, 0.00, 58.51
1537986034, 38.40, 0.00, 2.32, 2.58, 0.00, 0.00, 0.00, 0.00, 0.00, 56.70
1537986035, 35.49, 0.00, 2.07, 0.78, 0.00, 0.26, 0.00, 0.00, 0.00, 61.40
1537986036, 30.81, 0.00, 1.26, 0.00, 0.00, 0.00, 0.00, 0.00, 0.00, 67.93
1537986037, 28.10, 0.00, 2.28, 0.00, 0.00, 0.00, 0.00, 0.00, 0.00, 69.62
1537986038, 26.65, 0.00, 0.76, 0.00, 0.00, 0.00, 0.00, 0.00, 0.00, 72.59
1537986039, 28.28, 0.00, 0.76, 0.76, 0.00, 0.00, 0.00, 0.00, 0.00, 70.20
1537986040, 26.38, 0.00, 1.26, 0.00, 0.00, 0.00, 0.00, 0.00, 0.00, 72.36
1537986041, 27.68, 0.00, 0.75, 0.00, 0.00, 0.00, 0.00, 0.00, 0.00, 71.57
1537986042, 26.45, 0.00, 0.76, 0.00, 0.00, 0.00, 0.00, 0.00, 0.00, 72.80
1537986043, 26.63, 0.00, 0.75, 0.00, 0.00, 0.00, 0.00, 0.00, 0.00, 72.61
1537986044, 26.01, 0.00, 1.52, 0.76, 0.00, 0.00, 0.00, 0.00, 0.00, 71.72
1537986045, 26.26, 0.00, 0.76, 0.00, 0.00, 0.00, 0.00, 0.00, 0.00, 72.98
1537986046, 25.76, 0.00, 0.51, 0.00, 0.00, 0.00, 0.00, 0.00, 0.00, 73.74
1537986047, 26.68, 0.00, 1.25, 0.25, 0.00, 0.00, 0.00, 0.00, 0.00, 71.82
1537986048, 26.26, 0.00, 0.76, 0.00, 0.00, 0.00, 0.00, 0.00, 0.00, 72.98
1537986049, 25.94, 0.00, 1.01, 0.00, 0.00, 0.00, 0.00, 0.00, 0.00, 73.05
1537986050, 26.37, 0.00, 1.49, 1.00, 0.00, 0.00, 0.00, 0.00, 0.00, 71.14
1537986051, 26.38, 0.00, 0.75, 0.00, 0.00, 0.00, 0.00, 0.00, 0.00, 72.86
1537986052, 26.13, 0.00, 4.52, 0.00, 0.00, 0.00, 0.00, 0.00, 0.00, 69.35
